811340025086
811340025093
811340025109
722868971963
745883675227
745883676057
745883679119
745883679126
722868842799
722868889015
722868889022
722868889039
722868889046
722868889053
722868889480
722868908020
745883682140
745883682157
745883682171
745883682188
745883685158
745883685165
722868907160
722868907221
722868959640
722868959657
722868959664
722868959671
722868959688
722868959695
722868959701
722868969052
722868969069
722868969076
722868969083
722868969090
722868969106
722868969113
745883653515
745883656332
745883656349
745883656356
745883666744
745883671953
745883682102
745883682119
745883682249
745883682256
745883682270
745883682287
745883692309
745883692330
745883708284
745883710232
722868900123
722868927687
722868927694
722868927700
722868927717
722868927724
722868929889
722868932599
722868932667
722868937440
722868937556
722868953198
722868953228
722868958261
722868958292
722868986851
722868986899
722868989869
722868997840
722868998519
722868998526
745883640195
745883640263
745883640324
745883640331
745883645756
745883653218
745883662272
745883662692
745883662708
745883673940
745883682508
745883682522
745883684380
745883684397
745883684410
745883684427
853793005017
853793005246
853793005253
853793005260
853793005390
853793005413
853793005420
817729010551
817729010575
817729010582
817729010841
817729010858
817729010933
817729010940
817729011312
817729011329
858584004002
858584004019
858584004026
858584004125
858584004132
858584004149
846127163477
846127163484
846127166942
846127166959
846127167024
846127155601
846127159715
846127162456
846127163453
846127163613
846127164320
846127164399
846127164603
846127164634
846127166775
846127167000
846127167130
846127167765
846127171830
846127172240
846127163552
846127163590
846127166805
846127167208
846127167314
846127167802
846127163507
846127163729
846127163743
846127166850
846127166867
846127163514
846127163620
846127163958
846127163972
846127163989
846127164009
846127164382
846127166881
846127166898
846127166904
846127167536
846127163491
846127163637
846127164054
846127166911
846127166935
846127166980
854521005514
854521005521
854521005538
854521005583
854521005590
813158022196
813158022219
813158022233
813158022257
813158022271
813158022295
813158021489
813158021496
813158021502
813158021519
813158021540
813158021557
813158021106
813158021113
813158021120
813158021137
813158021144
813158021298
813158021335
813158021359
813158021267
813158021274
813158021281
700987146837
813158020062
813158020086
813158020093
813158020109
813158020253
813158020260
813158020277
813158020994
814609016450
813394021502
611517420047
643217497838
643217497845
643217497852
643217497876
643217498088
643217498095
643217498101
643217498125
796201055344
796201055351
796201055368
796201055436
796201055443
796201055450
796201055504
796201055511
796201056464
796201056501
643217497050
643217497067
643217497074
643217497081
643217497098
796201055610
796201055634
796201056112
796201056150
796201056167
796201056174
796201056181
796201056198
796201056204
796201056211
796201056228
796201056235
796201056242
796201056280
796201056303
796201056402
796201056471
796201056488
796201056495
796201056952
796201056976
796201055672
643217498422
643217498446
643217498484
643217498507
85387302862
685387374380
685387374410
685387437252
685387381890
685387382972
685387391288
685387391295
685387392858
685387405459
685387405718
685387406838
685387407156
685387407163
685387408214
685387408337
685387408764
685387411047
685387420001
685387420148
685387420155
685387420162
685387422005
685387422500
685387423729
685387423743
685387423750
685387423811
685387423828
685387424351
685387424436
685387424443
685387430871
685387406890
685387406913
685387406982
685387410057
685387412105
685387373291
685387373321
685387408115
685387382521
685387382538
685387382545
685387382552
685387382569
685387382576
685387382583
840076158980
840076171309
840076147571
840076147601
840076147618
840076147625
840076187584
840076187614
840076187621
840076187638
840076187720
840076187751
840076187775
814523028157
814523028164
814523028171
814523028188
814523028195
814523028201
814523029062
814523029086
814523352115
840076101351
840076101429
840076101474
840076101498
840076101566
840076101573
840076101863
840076101870
840076102655
840076102662
840076102679
840076102686
840076102693
840076102709
840076106783
840076106790
840076106806
840076106813
840076106820
840076107070
840076107087
840076108275
840076108282
840076108305
840076108312
840076108329
840076108336
840076108343
840076108350
840076108367
840076108374
840076109944
840076109951
840076109968
840076109975
840076111084
840076111091
840076111107
840076111114
840076111121
840076111138
840076111145
840076111152
840076111169
840076115884
840076115891
840076115907
840076115914
840076122998
840076123001
840076123018
840076123025
840076123032
840076123049
840076130498
840076130504
840076130511
840076130528
840076130535
840076130542
840076130559
840076130566
840076130795
840076130801
840076130818
840076130825
840076132638
840076132645
840076132652
840076132669
840076136865
840076136872
840076136889
840076136896
840076138241
840076141500
840076141517
840076141531
840076108381
840076108398
840076108411
840076108428
840076108435
840076111183
840076111213
840076111220
840076129959
840076130672
840076136988
840076136995
840076137008
840076104529
840076104543
840076104550
840076106233
840076108831
840076108848
840076108855
840076108862
840076108879
840076108886
814523028300
814523028324
814523028348
840076159291
840076108572
840076108589
840076111350
840076111374
840076110469
840076110476
840076110490
840076124633
840076124657
840076124664
840076108442
840076108466
840076108473
840076108480
840076108497
840076111237
840076111251
840076111268
840076111275
840076111572
840076123186
840076123193
840076123209
840076123216
840076129997
840076130276
840076130283
840076130290
840076130719
840076130726
840076130733
840076130740
840076183784
840076184958
840076106905
840076106912
840076106929
840076107445
840076107452
840076107469
840076107476
840076107483
840076108947
840076108954
840076108961
840076108978
840076108985
840076115969
840076115976
840076115983
840076115990
840076117390
840076117406
840076117437
840076118069
840076118076
840076118083
840076118090
840076121038
840076121458
840076121656
840076129829
840076129836
840076129843
840076129867
840076129874
840076129911
840076130573
840076130580
840076130597
840076130610
840076130627
840076130665
840076132676
840076132683
840076132690
840076132706
840076136933
840076136940
840076136957
840076136964
840076136971
840076145003
840076145089
840076156337
840076156344
840076166909
840076170029
840076170036
840076170043
840076170050
840076170074
840076170098
840076170104
840076183296
840076183302
840076183319
840076183326
840076183333
840076183340
840076184439
840076184446
840076184453
840076184460
840076184477
840076184484
840076108732
840076108749
840076108756
840076108763
840076108770
840076130450
840076130467
840076130474
840076130481
840076126200
840076183364
840076183371
840076183388
840076183395
840076183401
840076183418
840076184507
840076184514
840076184521
840076184538
840076184545
840076184552
814523028515
814523028539
840076102204
840076108688
840076108695
840076108701
840076108718
840076108725
840076111428
840076111442
840076123322
840076123339
840076123353
840076130368
840076130375
840076130382
840076130399
660543352129
660543353546
660543353553
660543353874
660543353898
660543353904
660543359098
660543359104
660543374534
660543374688
660543375227
660543376835
660543377252
819859013013
819859013037
819859013693
819859013709
819859013716
819859013723
819859015284
819859015291
819859015307
819859015673
819859015680
819859016106
819859016113
660543354260
660543353560
660543353577
660543354123
660543354130
660543354147
660543354154
660543359111
660543359128
660543359920
660543372479
660543372486
660543372998
660543375166
819859013006
819859013020
819859013839
814238020996
814238021009
814238021115
814238021139
814238021177
814238021313
814238021320
853971005228
853971005235
853971005549
853971005556
853971005563
853971005280
852352003617
852352003631
853971005099
853971005105
853971005112
853971005129
853971005310
853971005334
853971005341
853971005525
853971005532
852352003891
852352003907
852352003570
840815101109
840815101116
840815101123
840815101130
840815101147
840815101154
840815101161
840815101178
873750004136
873750004426
873750004440
873750004457
873750008769
873750008806
873750011097
840815100003
840815100010
840815100027
840815100034
840815100058
840815100072
840815100089
840815100096
840815100102
840815100119
840815100164
840815100171
840815100188
840815100195
840815100201
840815100218
840815100225
840815100232
840815100249
840815100256
840815101093
873750001098
873750001104
873750001111
873750001142
873750001173
873750001197
873750001203
873750005867
873750008301
873750008318
873750008325
873750008363
873750009735
873750009971
873750010397
873750010403
873750010410
873750010434
873750010441
873750010458
873750010472
873750010489
94664018907
94664032804
94664032811
94664032828
94664029859
94664034969
94664035010
660543005896
660543009023
660543011835
660543011842
660543014584
660543015161
660543015185
660543015925
660543020257
660543020264
660543020271
660543020288
660543023487
660543025825
660543025832
660543025849
660543029847
660543029854
660543031819
660543031826
660543031833
660543033035
660543033547
660543033554
660543033561
660543033578
660543352327
660543352549
660543352556
660543352563
660543352785
660543352792
660543352808
660543352815
660543352822
660543353683
660543353690
660543353706
660543353713
660543353720
660543355496
660543355502
660543355519
660543355526
660543355533
660543372226
660543372257
660543372288
660543372875
660543372882
660543372899
660543372905
660543373506
660543373513
660543373537
660543373544
660543376453
660543376477
660543376484
660543376491
660543352839
660543352846
660543352853
660543011934
660543011972
660543012085
660543013730
660543019886
660543019893
660543019916
660543020141
660543020233
660543020240
660543020356
660543020479
660543020547
660543023470
660543023494
660543023920
660543024088
660543025764
660543025771
660543026525
660543026860
660543026877
660543026884
660543026891
660543026907
660543026914
660543026921
660543026945
660543026969
660543026976
660543026983
660543027096
660543029786
660543029793
660543029809
660543032229
660543032236
660543032434
660543033134
660543033141
660543033158
660543033233
660543033493
660543038092
660543039075
660543039082
660543039099
660543350927
660543351009
660543352280
660543352402
660543352419
660543352426
660543352679
660543352686
660543352693
660543352730
660543352747
660543352754
660543352761
660543352778
660543352952
660543353614
660543353638
660543353676
660543355281
660543355298
660543355304
660543358022
660543359784
660543360308
660543369585
660543369615
660543369622
660543372523
660543372790
660543372806
660543372813
660543372820
660543373391
660543373407
660543373414
660543373421
660543373438
660543373445
660543373452
660543373469
660543375623
660543376279
660543376293
660543376309
660543376316
660543376323
660543383253
660543383260
660543383277
660543383284
660543384144
660543384151
660543384168
660543384182
660543356875
660543356882
660543356899
660543356905
660543356912
660543356929
660543356936
660543356943
660543356950
660543356967
660543356974
660543356981
660543356998
660543357001
660543357018
660543357025
660543357032
660543357049
660543357056
660543357063
660543357070
660543357087
660543357094
660543357100
660543357117
660543357124
660543357131
660543357148
660543357155
660543357162
660543357179
660543357186
660543383444
660543036388
660543037910
660543037934
660543037941
660543360483
660543360490
660543360506
660543369974
660543029861
660543029878
660543029892
660543029908
660543030072
660543030294
660543030324
660543030331
660543030591
660543034414
660543034421
660543034445
660543034469
660543034476
660543034483
660543034490
660543038955
660543038962
660543038979
660543352860
660543352877
660543352884
660543352891
660543352907
660543353737
660543353744
660543353751
660543353768
660543353850
660543355809
660543355816
660543355823
660543357216
660543357308
660543357315
660543366317
660543366331
660543366348
660543373728
660543373766
660543373797
660543373803
660543373810
660543373827
660543373834
660543376910
660543376927
660543376934
660543376941
660543377108
660543378488
660543378501
33991045156
33991045163
33991045170
33991045187
33991047051
33991047068
33991048171
33991048683
878615080270
878615080294
878615035669
878615035676
878615035713
878615054523
878615067936
878615067943
878615067950
878615044937
878615044944
878615044975
878615044982
878615067899
878615068025
878615073487
878615078826
878615067349
878615067769
878615075252
815729013947
815729013954
815729015217
815729015224
815729015897
815729015934
815729016016
815729016054
8809466645778
8809466646249
8809466646263
8809466647833
8809466647925
8809466642937
8809466642944
8809466643286
8809466643576
8809466644559
8809466644573
8809466644634
8809466645013
8809466646171
8809466649639
8809466649776
8809466641923
8809466642265
8809404219597
8809404219627
8809466640049
8809404219320
8809404219788
8809466641930
8809466642272
8809466643460
8809466645570
8809404212673
8809404212680
8809404212697
8809404212703
8809404218194
8809404218200
8809404218316
8809404218323
8809404218330
8809404218347
8809404218897
8809404213731
8809404214080
8809404214097
8809404214127
8809404215087
8809404215094
8809404216992
8809404217012
8809353615020
8809353615051
8809353615068
8809353616515
8809353616546
8809353618731
8809353619165
8809404210884
8809404210891
8809404210907
8809404210914
8809404213557
8809404213564
8809404213571
8809404213588
8809404213595
8809404213601
8809404213878
8809404213885
8809404213892
8809404213908
8809404213915
8809404213922
8809404213939
8809404214424
8809404214431
8809404214448
8809404214455
8809404214462
8809404216473
8809404216480
8809404216497
8809404216503
8809404217487
8809404217494
8809404217500
8809404218804
8809404218811
8809404218828
8809404218361
8809404218378
8809404218385
8809404218392
8809404218538
8809404218545
8809404218552
8809404218569
8809404213618
8809404213625
8809404213632
8809404213649
8809404213946
8809404213953
8809404215025
8809353614900
8809353616317
8809353616560
8809353616577
8809353616584
8809353616607
8809353617659
8809353617666
8809353617673
8809353619011
8809404210679
8809404210686
8809404210693
8809404210709
8809404210716
8809404211829
8809404211836
8809404211843
8809404211850
8809404211867
8809404211881
8809404212192
8809404212208
8809404212215
8809404212222
8809404212239
8809404212246
8809404212253
8809404212260
8809404212772
8809404212789
8809404212796
8809404212802
8809404212819
8809404213403
8809404213410
8809404213427
8809404214509
8809404214516
8809404214523
8809404214530
8809404214554
8809404214561
8809404216541
8809404216558
8809404216565
8809404216572
8809404216589
8809404217517
8809404217524
8809404217531
8809404217548
8809404217753
8809404217760
8809404218835
8809404218842
8809404218859
8809466649646
8809466649653
8809466649783
8809404212284
8809404212291
8809404212307
8809404212864
8809404212871
8809404212888
8809404213045
8809404216619
8809404216633
8809353616300
8809404213687
8809404213694
8809404213700
8809404213717
8809404213724
8809353617819
8809353617826
8809353617833
8809353618755
8809404210778
8809404210808
8809404212321
8809404212338
8809404212345
8809404212352
8809404212901
8809404212925
8809404212932
8809404213465
8809404213656
8809404213663
8809404213670
8809404213779
8809404213786
8809404213793
8809404216640
8809404216657
8809404216664
8809404216671
8809404217579
8809404217586
8809404217593
8809404217609
8809404214998
8809404215292
8809404217685
8809404217777
8809404217869
8809404217876
8809404217883
8809404217890
8809404217982
8809404217999
8809404218002
8809404218019
8809404218026
8809404218729
8809404217906
8809404217937
8809404218033
8809404218903
8809466644511
8809466644528
8809466644535
8809466644542
8809466644603
8809466644610
8809466647604
8809466647611
8809404219269
8809404219276
8809404219283
8809404219733
8809404219740
8809466641008
8809466641015
8809404219481
8809404219498
8809466640766
8809466643668
8809466643682
8809466644047
8809404219344
8809404219375
8809404219382
8809404219399
8809404219849
8809404219856
8809466640759
8809466640803
8809466641237
8809466641244
8809404212369
8809404212963
8809404214929
628233571632
628233571649
628233571656
628233571663
628233571670
628233571687
628233572813
628233572820
628233573070
628233573087
628233573094
628233573100
628233573117
628233573124
628233573131
628233573148
628233573155
628233573162
628233573179
628233573186
628233573193
628233573209
628233573216
628233573223
628233573230
628233573247
628233573254
628233573261
628233573278
628233573285
628233573292
628233573308
628233573315
628233573322
628233573339
628233573346
628233573353
628233573360
628233573377
628233573384
628233573391
628233573407
628233573414
628233573421
628233573438
628233573445
628233573452
628233573469
628233573476
628233573483
628233573490
628233573506
628233573513
628233573520
628233573537
628233573544
628233573551
628233573568
628233573636
628233573643
628233573650
628233573667
628233573674
752423786541
752423786558
752423786565
752423787029
752423787036
845973050719
845973092573